984960.000000
989056.000000
993152.000000
997248.000000
1001344.000000
1005440.000000
1009536.000000
1013632.000000
1017728.000000
1021824.000000
1025920.000000
1030016.000000
1034112.000000
1038208.000000
1042304.000000
1046400.000000
1050496.000000
1054592.000000
1058688.000000
1062784.000000
1066880.000000
1070976.000000
1075072.000000
1079168.000000
1083264.000000
1087360.000000
1091456.000000
1095552.000000
1099648.000000
1103744.000000
1107840.000000
1111936.000000
3082112.000000
3086208.000000
3090304.000000
3094400.000000
3098496.000000
3102592.000000
3106688.000000
3110784.000000
3114880.000000
3118976.000000
3123072.000000
3127168.000000
3131264.000000
3135360.000000
3139456.000000
3143552.000000
3147648.000000
3151744.000000
3155840.000000
3159936.000000
3164032.000000
3168128.000000
3172224.000000
3176320.000000
3180416.000000
3184512.000000
3188608.000000
3192704.000000
3196800.000000
3200896.000000
3204992.000000
3209088.000000
5179264.000000
5183360.000000
5187456.000000
5191552.000000
5195648.000000
5199744.000000
5203840.000000
5207936.000000
5212032.000000
5216128.000000
5220224.000000
5224320.000000
5228416.000000
5232512.000000
5236608.000000
5240704.000000
5244800.000000
5248896.000000
5252992.000000
5257088.000000
5261184.000000
5265280.000000
5269376.000000
5273472.000000
5277568.000000
5281664.000000
5285760.000000
5289856.000000
5293952.000000
5298048.000000
5302144.000000
5306240.000000
7276416.000000
7280512.000000
7284608.000000
7288704.000000
7292800.000000
7296896.000000
7300992.000000
7305088.000000
7309184.000000
7313280.000000
7317376.000000
7321472.000000
7325568.000000
7329664.000000
7333760.000000
7337856.000000
7341952.000000
7346048.000000
7350144.000000
7354240.000000
7358336.000000
7362432.000000
7366528.000000
7370624.000000
7374720.000000
7378816.000000
7382912.000000
7387008.000000
7391104.000000
7395200.000000
7399296.000000
7403392.000000
9373568.000000
9377664.000000
9381760.000000
9385856.000000
9389952.000000
9394048.000000
9398144.000000
9402240.000000
9406336.000000
9410432.000000
9414528.000000
9418624.000000
9422720.000000
9426816.000000
9430912.000000
9435008.000000
9439104.000000
9443200.000000
9447296.000000
9451392.000000
9455488.000000
9459584.000000
9463680.000000
9467776.000000
9471872.000000
9475968.000000
9480064.000000
9484160.000000
9488256.000000
9492352.000000
9496448.000000
9500544.000000
11470720.000000
11474816.000000
11478912.000000
11483008.000000
11487104.000000
11491200.000000
11495296.000000
11499392.000000
11503488.000000
11507584.000000
11511680.000000
11515776.000000
11519872.000000
11523968.000000
11528064.000000
11532160.000000
11536256.000000
11540352.000000
11544448.000000
11548544.000000
11552640.000000
11556736.000000
11560832.000000
11564928.000000
11569024.000000
11573120.000000
11577216.000000
11581312.000000
11585408.000000
11589504.000000
11593600.000000
11597696.000000
13567872.000000
13571968.000000
13576064.000000
13580160.000000
13584256.000000
13588352.000000
13592448.000000
13596544.000000
13600640.000000
13604736.000000
13608832.000000
13612928.000000
13617024.000000
13621120.000000
13625216.000000
13629312.000000
13633408.000000
13637504.000000
13641600.000000
13645696.000000
13649792.000000
13653888.000000
13657984.000000
13662080.000000
13666176.000000
13670272.000000
13674368.000000
13678464.000000
13682560.000000
13686656.000000
13690752.000000
13694848.000000
15665024.000000
15669120.000000
15673216.000000
15677312.000000
15681408.000000
15685504.000000
15689600.000000
15693696.000000
15697792.000000
15701888.000000
15705984.000000
15710080.000000
15714176.000000
15718272.000000
15722368.000000
15726464.000000
15730560.000000
15734656.000000
15738752.000000
15742848.000000
15746944.000000
15751040.000000
15755136.000000
15759232.000000
15763328.000000
15767424.000000
15771520.000000
15775616.000000
15779712.000000
15783808.000000
15787904.000000
15792000.000000
17762176.000000
17766272.000000
17770368.000000
17774464.000000
17778560.000000
17782656.000000
17786752.000000
17790848.000000
17794944.000000
17799040.000000
17803136.000000
17807232.000000
17811328.000000
17815424.000000
17819520.000000
17823616.000000
17827712.000000
17831808.000000
17835904.000000
17840000.000000
17844096.000000
17848192.000000
17852288.000000
17856384.000000
17860480.000000
17864576.000000
17868672.000000
17872768.000000
17876864.000000
17880960.000000
17885056.000000
17889152.000000
19859328.000000
19863424.000000
19867520.000000
19871616.000000
19875712.000000
19879808.000000
19883904.000000
19888000.000000
19892096.000000
19896192.000000
19900288.000000
19904384.000000
19908480.000000
19912576.000000
19916672.000000
19920768.000000
19924864.000000
19928960.000000
19933056.000000
19937152.000000
19941248.000000
19945344.000000
19949440.000000
19953536.000000
19957632.000000
19961728.000000
19965824.000000
19969920.000000
19974016.000000
19978112.000000
19982208.000000
19986304.000000
21956480.000000
21960576.000000
21964672.000000
21968768.000000
21972864.000000
21976960.000000
21981056.000000
21985152.000000
21989248.000000
21993344.000000
21997440.000000
22001536.000000
22005632.000000
22009728.000000
22013824.000000
22017920.000000
22022016.000000
22026112.000000
22030208.000000
22034304.000000
22038400.000000
22042496.000000
22046592.000000
22050688.000000
22054784.000000
22058880.000000
22062976.000000
22067072.000000
22071168.000000
22075264.000000
22079360.000000
22083456.000000
24053632.000000
24057728.000000
24061824.000000
24065920.000000
24070016.000000
24074112.000000
24078208.000000
24082304.000000
24086400.000000
24090496.000000
24094592.000000
24098688.000000
24102784.000000
24106880.000000
24110976.000000
24115072.000000
24119168.000000
24123264.000000
24127360.000000
24131456.000000
24135552.000000
24139648.000000
24143744.000000
24147840.000000
24151936.000000
24156032.000000
24160128.000000
24164224.000000
24168320.000000
24172416.000000
24176512.000000
24180608.000000
26150784.000000
26154880.000000
26158976.000000
26163072.000000
26167168.000000
26171264.000000
26175360.000000
26179456.000000
26183552.000000
26187648.000000
26191744.000000
26195840.000000
26199936.000000
26204032.000000
26208128.000000
26212224.000000
26216320.000000
26220416.000000
26224512.000000
26228608.000000
26232704.000000
26236800.000000
26240896.000000
26244992.000000
26249088.000000
26253184.000000
26257280.000000
26261376.000000
26265472.000000
26269568.000000
26273664.000000
26277760.000000
28247936.000000
28252032.000000
28256128.000000
28260224.000000
28264320.000000
28268416.000000
28272512.000000
28276608.000000
28280704.000000
28284800.000000
28288896.000000
28292992.000000
28297088.000000
28301184.000000
28305280.000000
28309376.000000
28313472.000000
28317568.000000
28321664.000000
28325760.000000
28329856.000000
28333952.000000
28338048.000000
28342144.000000
28346240.000000
28350336.000000
28354432.000000
28358528.000000
28362624.000000
28366720.000000
28370816.000000
28374912.000000
30345088.000000
30349184.000000
30353280.000000
30357376.000000
30361472.000000
30365568.000000
30369664.000000
30373760.000000
30377856.000000
30381952.000000
30386048.000000
30390144.000000
30394240.000000
30398336.000000
30402432.000000
30406528.000000
30410624.000000
30414720.000000
30418816.000000
30422912.000000
30427008.000000
30431104.000000
30435200.000000
30439296.000000
30443392.000000
30447488.000000
30451584.000000
30455680.000000
30459776.000000
30463872.000000
30467968.000000
30472064.000000
32442240.000000
32446336.000000
32450432.000000
32454528.000000
32458624.000000
32462720.000000
32466816.000000
32470912.000000
32475008.000000
32479104.000000
32483200.000000
32487296.000000
32491392.000000
32495488.000000
32499584.000000
32503680.000000
32507776.000000
32511872.000000
32515968.000000
32520064.000000
32524160.000000
32528256.000000
32532352.000000
32536448.000000
32540544.000000
32544640.000000
32548736.000000
32552832.000000
32556928.000000
32561024.000000
32565120.000000
32569216.000000
34539392.000000
34543488.000000
34547584.000000
34551680.000000
34555776.000000
34559872.000000
34563968.000000
34568064.000000
34572160.000000
34576256.000000
34580352.000000
34584448.000000
34588544.000000
34592640.000000
34596736.000000
34600832.000000
34604928.000000
34609024.000000
34613120.000000
34617216.000000
34621312.000000
34625408.000000
34629504.000000
34633600.000000
34637696.000000
34641792.000000
34645888.000000
34649984.000000
34654080.000000
34658176.000000
34662272.000000
34666368.000000
36636544.000000
36640640.000000
36644736.000000
36648832.000000
36652928.000000
36657024.000000
36661120.000000
36665216.000000
36669312.000000
36673408.000000
36677504.000000
36681600.000000
36685696.000000
36689792.000000
36693888.000000
36697984.000000
36702080.000000
36706176.000000
36710272.000000
36714368.000000
36718464.000000
36722560.000000
36726656.000000
36730752.000000
36734848.000000
36738944.000000
36743040.000000
36747136.000000
36751232.000000
36755328.000000
36759424.000000
36763520.000000
38733696.000000
38737792.000000
38741888.000000
38745984.000000
38750080.000000
38754176.000000
38758272.000000
38762368.000000
38766464.000000
38770560.000000
38774656.000000
38778752.000000
38782848.000000
38786944.000000
38791040.000000
38795136.000000
38799232.000000
38803328.000000
38807424.000000
38811520.000000
38815616.000000
38819712.000000
38823808.000000
38827904.000000
38832000.000000
38836096.000000
38840192.000000
38844288.000000
38848384.000000
38852480.000000
38856576.000000
38860672.000000
40830848.000000
40834944.000000
40839040.000000
40843136.000000
40847232.000000
40851328.000000
40855424.000000
40859520.000000
40863616.000000
40867712.000000
40871808.000000
40875904.000000
40880000.000000
40884096.000000
40888192.000000
40892288.000000
40896384.000000
40900480.000000
40904576.000000
40908672.000000
40912768.000000
40916864.000000
40920960.000000
40925056.000000
40929152.000000
40933248.000000
40937344.000000
40941440.000000
40945536.000000
40949632.000000
40953728.000000
40957824.000000
42928000.000000
42932096.000000
42936192.000000
42940288.000000
42944384.000000
42948480.000000
42952576.000000
42956672.000000
42960768.000000
42964864.000000
42968960.000000
42973056.000000
42977152.000000
42981248.000000
42985344.000000
42989440.000000
42993536.000000
42997632.000000
43001728.000000
43005824.000000
43009920.000000
43014016.000000
43018112.000000
43022208.000000
43026304.000000
43030400.000000
43034496.000000
43038592.000000
43042688.000000
43046784.000000
43050880.000000
43054976.000000
45025152.000000
45029248.000000
45033344.000000
45037440.000000
45041536.000000
45045632.000000
45049728.000000
45053824.000000
45057920.000000
45062016.000000
45066112.000000
45070208.000000
45074304.000000
45078400.000000
45082496.000000
45086592.000000
45090688.000000
45094784.000000
45098880.000000
45102976.000000
45107072.000000
45111168.000000
45115264.000000
45119360.000000
45123456.000000
45127552.000000
45131648.000000
45135744.000000
45139840.000000
45143936.000000
45148032.000000
45152128.000000
47122304.000000
47126400.000000
47130496.000000
47134592.000000
47138688.000000
47142784.000000
47146880.000000
47150976.000000
47155072.000000
47159168.000000
47163264.000000
47167360.000000
47171456.000000
47175552.000000
47179648.000000
47183744.000000
47187840.000000
47191936.000000
47196032.000000
47200128.000000
47204224.000000
47208320.000000
47212416.000000
47216512.000000
47220608.000000
47224704.000000
47228800.000000
47232896.000000
47236992.000000
47241088.000000
47245184.000000
47249280.000000
49219456.000000
49223552.000000
49227648.000000
49231744.000000
49235840.000000
49239936.000000
49244032.000000
49248128.000000
49252224.000000
49256320.000000
49260416.000000
49264512.000000
49268608.000000
49272704.000000
49276800.000000
49280896.000000
49284992.000000
49289088.000000
49293184.000000
49297280.000000
49301376.000000
49305472.000000
49309568.000000
49313664.000000
49317760.000000
49321856.000000
49325952.000000
49330048.000000
49334144.000000
49338240.000000
49342336.000000
49346432.000000
51316608.000000
51320704.000000
51324800.000000
51328896.000000
51332992.000000
51337088.000000
51341184.000000
51345280.000000
51349376.000000
51353472.000000
51357568.000000
51361664.000000
51365760.000000
51369856.000000
51373952.000000
51378048.000000
51382144.000000
51386240.000000
51390336.000000
51394432.000000
51398528.000000
51402624.000000
51406720.000000
51410816.000000
51414912.000000
51419008.000000
51423104.000000
51427200.000000
51431296.000000
51435392.000000
51439488.000000
51443584.000000
53413760.000000
53417856.000000
53421952.000000
53426048.000000
53430144.000000
53434240.000000
53438336.000000
53442432.000000
53446528.000000
53450624.000000
53454720.000000
53458816.000000
53462912.000000
53467008.000000
53471104.000000
53475200.000000
53479296.000000
53483392.000000
53487488.000000
53491584.000000
53495680.000000
53499776.000000
53503872.000000
53507968.000000
53512064.000000
53516160.000000
53520256.000000
53524352.000000
53528448.000000
53532544.000000
53536640.000000
53540736.000000
55510912.000000
55515008.000000
55519104.000000
55523200.000000
55527296.000000
55531392.000000
55535488.000000
55539584.000000
55543680.000000
55547776.000000
55551872.000000
55555968.000000
55560064.000000
55564160.000000
55568256.000000
55572352.000000
55576448.000000
55580544.000000
55584640.000000
55588736.000000
55592832.000000
55596928.000000
55601024.000000
55605120.000000
55609216.000000
55613312.000000
55617408.000000
55621504.000000
55625600.000000
55629696.000000
55633792.000000
55637888.000000
57608064.000000
57612160.000000
57616256.000000
57620352.000000
57624448.000000
57628544.000000
57632640.000000
57636736.000000
57640832.000000
57644928.000000
57649024.000000
57653120.000000
57657216.000000
57661312.000000
57665408.000000
57669504.000000
57673600.000000
57677696.000000
57681792.000000
57685888.000000
57689984.000000
57694080.000000
57698176.000000
57702272.000000
57706368.000000
57710464.000000
57714560.000000
57718656.000000
57722752.000000
57726848.000000
57730944.000000
57735040.000000
59705216.000000
59709312.000000
59713408.000000
59717504.000000
59721600.000000
59725696.000000
59729792.000000
59733888.000000
59737984.000000
59742080.000000
59746176.000000
59750272.000000
59754368.000000
59758464.000000
59762560.000000
59766656.000000
59770752.000000
59774848.000000
59778944.000000
59783040.000000
59787136.000000
59791232.000000
59795328.000000
59799424.000000
59803520.000000
59807616.000000
59811712.000000
59815808.000000
59819904.000000
59824000.000000
59828096.000000
59832192.000000
61802368.000000
61806464.000000
61810560.000000
61814656.000000
61818752.000000
61822848.000000
61826944.000000
61831040.000000
61835136.000000
61839232.000000
61843328.000000
61847424.000000
61851520.000000
61855616.000000
61859712.000000
61863808.000000
61867904.000000
61872000.000000
61876096.000000
61880192.000000
61884288.000000
61888384.000000
61892480.000000
61896576.000000
61900672.000000
61904768.000000
61908864.000000
61912960.000000
61917056.000000
61921152.000000
61925248.000000
61929344.000000
63899520.000000
63903616.000000
63907712.000000
63911808.000000
63915904.000000
63920000.000000
63924096.000000
63928192.000000
63932288.000000
63936384.000000
63940480.000000
63944576.000000
63948672.000000
63952768.000000
63956864.000000
63960960.000000
63965056.000000
63969152.000000
63973248.000000
63977344.000000
63981440.000000
63985536.000000
63989632.000000
63993728.000000
63997824.000000
64001920.000000
64006016.000000
64010112.000000
64014208.000000
64018304.000000
64022400.000000
64026496.000000
65996672.000000
66000768.000000
66004864.000000
66008960.000000
66013056.000000
66017152.000000
66021248.000000
66025344.000000
66029440.000000
66033536.000000
66037632.000000
66041728.000000
66045824.000000
66049920.000000
66054016.000000
66058112.000000
66062208.000000
66066304.000000
66070400.000000
66074496.000000
66078592.000000
66082688.000000
66086784.000000
66090880.000000
66094976.000000
66099072.000000
66103168.000000
66107264.000000
66111360.000000
66115456.000000
66119552.000000
66123648.000000
